INDEX SCRIPTORUM. 777

lauduuo 77,1. Rhegion· 64, 7.
napo· 629, 2. 862, 8. ,8111111111 809, 2.
1611111111 26, 11. 69, 14 Scriptorum 1. 4. 6. 1111ρὶ11. 7,
11111. 111, 1. ’ 1., 1., 11.,11. 1, 1.,1, 11. 10,
Nootorionuo 624, 12. 676, 19. 4. 17, 11. 19, 6. 64, 12. 61, 2.
11111111111111111 66, 10. 67, 6. 76, 2. 81,17. 166,
origem 12, 16. 16. 160, 8. 226, o, 9., 11., 16.
01711111, 17. oq. 11, 17. 11, 1. 119, 11. 111, 7. 111, 11 111, o.

76, 2, 6. 76, 6. 646, 16. 621719. 667, 22.
Palaephatus 2417. 66, 9. 41,18. 1111111111, 14. 181, 2

66, 11. 66, 2. 66, 4. 209, 7. Sisyphon 117, 1. 119, 22. 162, 19.
11111111111 611111111ο,13.,16.11,6
nomio 11, 11. 111, 11. ooo 11. soom (111111.) ro. 16.

111, ⁵.. 1. 111, 15. symon· 7, 17.
111111 111,11 11111111 111, 1111111111, 11.

o 111,1. 111111(111111) 111, 11.
Philochorus 45, 6. 'l'houoio 141, 22.
Philostratus 297, 10. Theophiluo 29, 4. 59, 17. 66, 9.
mmmm 111,1ο. 11111111, 11111,
11111111. 111, 7. 11.111,11.111,11.,11.
punio. 17118. Timotheus 168, 5. 169, 2 276, 18.
Ρ1111111111-66, 4. 262, 6. m, 1³.. 17.
³ Polybiou 167, 19. Τ11117111111 64, 4.

Porpoyn'uo 66, 11. vhgihuo11121.167,1³.178.13. .. .· .

111111. 1111. 11111111. 711, 1.
mongon· 111 11. 111, 1.

 

