INDEX SCRIPTORUM.

Ampoetolorm 266,11. 266, 10. 278, 8. 287, 18. 297, 9. ,
1101000οι 68, 11. 62, 6 69, 8. 72, 18. nonnus 208, 2. .

11. 90, 7., 17. 168, 11. 269, 8. Epigramma 10 8000000100 19.
Alexandrinum tem· scriptore· 11.

, . 801016081681, 19181819,
Apollonius 79,17. 11. 68, 127211. 81. 16. 110.
Archilochus 68, 5. 11. 88, 18.117,1.,11. 18811.
160000 271, 17. 187,1. seq. 118, 8. 166, 1. 859,
100061, 12. 18.

Aulon· 118, 1. &nebim 68, 17. 57, 9. 70, 9. m,
81001ώὶο1187,11. 11. 190,18. 197, 16. 207,15.
nutam 8122. 198, 17. 262, 21. 228, 20. 266,10. 260,16., 19.

. Callimachus (88, 8.) 175,1. 129, 11.

0000167, 19. Emathia· 899, 8.
Cephalio 10, 9. 15, 9. 19, 11. 90, Eutropius 209, 6. 881, 11.
1. 166, 6. Eutychiana· 882, 9.

· cham 81, 11. 176, 6. 11οω Epium Livii 211, 2.
clem (81110100) 81,10. (8111- Hermu Tr'mguu· 26,11. 111,
901) 228, 18. 281, 11. 210, 2. 12.

212, 21. 260, 2. 129, 18. Motu· 26, 9.
cydnus 27, 12. 68, 12 188, 12 Herodotus 167, 19.
Danaam· 86, 8. Homerus 21, 11. 117, 16. 119, 28.
· »walion 70, 8. 182, 21. 118, 21.
11161μ107,1.,6. 119,28. 122, 2. loannes 58,12 ·
1³2. 22. 186, 12. 260, 8. Iosephus 6, 20. 7, 1. 58, 11. 217
Didymus 81, 8. 86, 17. 166, 22. 20. 218, 1. 260. 13·
Dinarchus 16, 8. Irenaeo· 160, 8. 190, 2. 269, 8.
modom 51, 18. 68, 10. 10110001 828, 2.
Dionysio» 19016. luvenalis 268, 2.
monnau 262, 2. 110101ιο 180, 12
, Domitium 810, 18. 1101017011. 188, 10. 215, 19.
nonninus 8816 11219. 286, 7. 1.οωοω 215, 12. 221, 20.

 

